82851499
82851498
82851497
82851496
82851495
82851494
82851493
82851492
82851491
82851490
82851489
82851488
82851487
82851486
82851485
82851484
82851483
82851482
82851481
82851480
82851479
82851478
82851477
82851476
82851475
82851474
82851473
82851472
82851471
82851470
82851469
82851468
82851467
82851466
82851465
82851464
82851463
82851462
82851461
82851460
82851459
82851458
82851457
82851456
82851455
82851454
82851453
82851452
82851451
82851450
82851449
82851448
82851447
82851446
82851445
82851444
82851443
82851442
82851441
82851440
82851439
82851438
82851437
82851436
82851435
82851434
82851433
82851432
82851431
82851430
82851429
82851428
82851427
82851426
82851425
82851424
82851423
82851422
82851421
82851420
82851419
82851418
82851417
82851416
82851415
82851414
82851413
82851412
82851411
82851410
82851409
82851408
82851407
82851406
82851405
82851404
82851403
82851402
82851401
82851400
82851399
82851398
82851397
82851396
82851395
82851394
82851393
82851392
82851391
82851390
82851389
82851388
82851387
82851386
82851385
82851384
82851383
82851382
82851381
82851380
82851379
82851378
82851377
82851376
82851375
82851374
82851373
82851372
82851371
82851370
82851369
82851368
82851367
82851366
82851365
82851364
82851363
82851362
82851361
82851360
82851359
82851358
82851357
82851356
82851355
82851354
82851353
82851352
82851351
82851350
82851349
82851348
82851347
82851346
82851345
82851344
82851343
82851342
82851341
82851340
82851339
82851338
82851337
82851336
82851335
82851334
82851333
82851332
82851331
82851330
82851329
82851328
82851327
82851326
82851325
82851324
82851323
82851322
82851321
82851320
82851319
82851318
82851317
82851316
82851315
82851314
82851313
82851312
82851311
82851310
82851309
82851308
82851307
82851306
82851305
82851304
82851303
82851302
82851301
82851300
82851299
82851298
82851297
82851296
82851295
82851294
82851293
82851292
82851291
82851290
82851289
82851288
82851287
82851286
82851285
82851284
82851283
82851282
82851281
82851280
82851279
82851278
82851277
82851276
82851275
82851274
82851273
82851272
82851271
82851270
82851269
82851268
82851267
82851266
82851265
82851264
82851263
82851262
82851261
82851260
82851259
82851258
82851257
82851256
82851255
82851254
82851253
82851252
82851251
82851250
82851249
82851248
82851247
82851246
82851245
82851244
82851243
82851242
82851241
82851240
82851239
82851238
82851237
82851236
82851235
82851234
82851233
82851232
82851231
82851230
82851229
82851228
82851227
82851226
82851225
82851224
82851223
82851222
82851221
82851220
82851219
82851218
82851217
82851216
82851215
82851214
82851213
82851212
82851211
82851210
82851209
82851208
82851207
82851206
82851205
82851204
82851203
82851202
82851201
82851200
82851199
82851198
82851197
82851196
82851195
82851194
82851193
82851192
82851191
82851190
82851189
82851188
82851187
82851186
82851185
82851184
82851183
82851182
82851181
82851180
82851179
82851178
82851177
82851176
82851175
82851174
82851173
82851172
82851171
82851170
82851169
82851168
82851167
82851166
82851165
82851164
82851163
82851162
82851161
82851160
82851159
82851158
82851157
82851156
82851155
82851154
82851153
82851152
82851151
82851150
82851149
82851148
82851147
82851146
82851145
82851144
82851143
82851142
82851141
82851140
82851139
82851138
82851137
82851136
82851135
82851134
82851133
82851132
82851131
82851130
82851129
82851128
82851127
82851126
82851125
82851124
82851123
82851122
82851121
82851120
82851119
82851118
82851117
82851116
82851115
82851114
82851113
82851112
82851111
82851110
82851109
82851108
82851107
82851106
82851105
82851104
82851103
82851102
82851101
82851100
82851099
82851098
82851097
82851096
82851095
82851094
82851093
82851092
82851091
82851090
82851089
82851088
82851087
82851086
82851085
82851084
82851083
82851082
82851081
82851080
82851079
82851078
82851077
82851076
82851075
82851074
82851073
82851072
82851071
82851070
82851069
82851068
82851067
82851066
82851065
82851064
82851063
82851062
82851061
82851060
82851059
82851058
82851057
82851056
82851055
82851054
82851053
82851052
82851051
82851050
82851049
82851048
82851047
82851046
82851045
82851044
82851043
82851042
82851041
82851040
82851039
82851038
82851037
82851036
82851035
82851034
82851033
82851032
82851031
82851030
82851029
82851028
82851027
82851026
82851025
82851024
82851023
82851022
82851021
82851020
82851019
82851018
82851017
82851016
82851015
82851014
82851013
82851012
82851011
82851010
82851009
82851008
82851007
82851006
82851005
82851004
82851003
82851002
82851001
82851000
82850999
82850998
82850997
82850996
82850995
82850994
82850993
82850992
82850991
82850990
82850989
82850988
82850987
82850986
82850985
82850984
82850983
82850982
82850981
82850980
82850979
82850978
82850977
82850976
82850975
82850974
82850973
82850972
82850971
82850970
82850969
82850968
82850967
82850966
82850965
82850964
82850963
82850962
82850961
82850960
82850959
82850958
82850957
82850956
82850955
82850954
82850953
82850952
82850951
82850950
82850949
82850948
82850947
82850946
82850945
82850944
82850943
82850942
82850941
82850940
82850939
82850938
82850937
82850936
82850935
82850934
82850933
82850932
82850931
82850930
82850929
82850928
82850927
82850926
82850925
82850924
82850923
82850922
82850921
82850920
82850919
82850918
82850917
82850916
82850915
82850914
82850913
82850912
82850911
82850910
82850909
82850908
82850907
82850906
82850905
82850904
82850903
82850902
82850901
82850900
82850899
82850898
82850897
82850896
82850895
82850894
82850893
82850892
82850891
82850890
82850889
82850888
82850887
82850886
82850885
82850884
82850883
82850882
82850881
82850880
82850879
82850878
82850877
82850876
82850875
82850874
82850873
82850872
82850871
82850870
82850869
82850868
82850867
82850866
82850865
82850864
82850863
82850862
82850861
82850860
82850859
82850858
82850857
82850856
82850855
82850854
82850853
82850852
82850851
82850850
82850849
82850848
82850847
82850846
82850845
82850844
82850843
82850842
82850841
82850840
82850839
82850838
82850837
82850836
82850835
82850834
82850833
82850832
82850831
82850830
82850829
82850828
82850827
82850826
82850825
82850824
82850823
82850822
82850821
82850820
82850819
82850818
82850817
82850816
82850815
82850814
82850813
82850812
82850811
82850810
82850809
82850808
82850807
82850806
82850805
82850804
82850803
82850802
82850801
82850800
82850799
82850798
82850797
82850796
82850795
82850794
82850793
82850792
82850791
82850790
82850789
82850788
82850787
82850786
82850785
82850784
82850783
82850782
82850781
82850780
82850779
82850778
82850777
82850776
82850775
82850774
82850773
82850772
82850771
82850770
82850769
82850768
82850767
82850766
82850765
82850764
82850763
82850762
82850761
82850760
82850759
82850758
82850757
82850756
82850755
82850754
82850753
82850752
82850751
82850750
82850749
82850748
82850747
82850746
82850745
82850744
82850743
82850742
82850741
82850740
82850739
82850738
82850737
82850736
82850735
82850734
82850733
82850732
82850731
82850730
82850729
82850728
82850727
82850726
82850725
82850724
82850723
82850722
82850721
82850720
82850719
82850718
82850717
82850716
82850715
82850714
82850713
82850712
82850711
82850710
82850709
82850708
82850707
82850706
82850705
82850704
82850703
82850702
82850701
82850700
82850699
82850698
82850697
82850696
82850695
82850694
82850693
82850692
82850691
82850690
82850689
82850688
82850687
82850686
82850685
82850684
82850683
82850682
82850681
82850680
82850679
82850678
82850677
82850676
82850675
82850674
82850673
82850672
82850671
82850670
82850669
82850668
82850667
82850666
82850665
82850664
82850663
82850662
82850661
82850660
82850659
82850658
82850657
82850656
82850655
82850654
82850653
82850652
82850651
82850650
82850649
82850648
82850647
82850646
82850645
82850644
82850643
82850642
82850641
82850640
82850639
82850638
82850637
82850636
82850635
82850634
82850633
82850632
82850631
82850630
82850629
82850628
82850627
82850626
82850625
82850624
82850623
82850622
82850621
82850620
82850619
82850618
82850617
82850616
82850615
82850614
82850613
82850612
82850611
82850610
82850609
82850608
82850607
82850606
82850605
82850604
82850603
82850602
82850601
82850600
82850599
82850598
82850597
82850596
82850595
82850594
82850593
82850592
82850591
82850590
82850589
82850588
82850587
82850586
82850585
82850584
82850583
82850582
82850581
82850580
82850579
82850578
82850577
82850576
82850575
82850574
82850573
82850572
82850571
82850570
82850569
82850568
82850567
82850566
82850565
82850564
82850563
82850562
82850561
82850560
82850559
82850558
82850557
82850556
82850555
82850554
82850553
82850552
82850551
82850550
82850549
82850548
82850547
82850546
82850545
82850544
82850543
82850542
82850541
82850540
82850539
82850538
82850537
82850536
82850535
82850534
82850533
82850532
82850531
82850530
82850529
82850528
82850527
82850526
82850525
82850524
82850523
82850522
82850521
82850520
82850519
82850518
82850517
82850516
82850515
82850514
82850513
82850512
82850511
82850510
82850509
82850508
82850507
82850506
82850505
82850504
82850503
82850502
82850501
82850500
82850499
82850498
82850497
82850496
82850495
82850494
82850493
82850492
82850491
82850490
82850489
82850488
82850487
82850486
82850485
82850484
82850483
82850482
82850481
82850480
82850479
82850478
82850477
82850476
82850475
82850474
82850473
82850472
82850471
82850470
82850469
82850468
82850467
82850466
82850465
82850464
82850463
82850462
82850461
82850460
82850459
82850458
82850457
82850456
82850455
82850454
82850453
82850452
82850451
82850450
82850449
82850448
82850447
82850446
82850445
82850444
82850443
82850442
82850441
82850440
82850439
82850438
82850437
82850436
82850435
82850434
82850433
82850432
82850431
82850430
82850429
82850428
82850427
82850426
82850425
82850424
82850423
82850422
82850421
82850420
82850419
82850418
82850417
82850416
82850415
82850414
82850413
82850412
82850411
82850410
82850409
82850408
82850407
82850406
82850405
82850404
82850403
82850402
82850401
82850400
82850399
82850398
82850397
82850396
82850395
82850394
82850393
82850392
82850391
82850390
82850389
82850388
82850387
82850386
82850385
82850384
82850383
82850382
82850381
82850380
82850379
82850378
82850377
82850376
82850375
82850374
82850373
82850372
82850371
82850370
82850369
82850368
82850367
82850366
82850365
82850364
82850363
82850362
82850361
82850360
82850359
82850358
82850357
82850356
82850355
82850354
82850353
82850352
82850351
82850350
82850349
82850348
82850347
82850346
82850345
82850344
82850343
82850342
82850341
82850340
82850339
82850338
82850337
82850336
82850335
82850334
82850333
82850332
82850331
82850330
82850329
82850328
82850327
82850326
82850325
82850324
82850323
82850322
82850321
82850320
82850319
82850318
82850317
82850316
82850315
82850314
82850313
82850312
82850311
82850310
82850309
82850308
82850307
82850306
82850305
82850304
82850303
82850302
82850301
82850300
82850299
82850298
82850297
82850296
82850295
82850294
82850293
82850292
82850291
82850290
82850289
82850288
82850287
82850286
82850285
82850284
82850283
82850282
82850281
82850280
82850279
82850278
82850277
82850276
82850275
82850274
82850273
82850272
82850271
82850270
82850269
82850268
82850267
82850266
82850265
82850264
82850263
82850262
82850261
82850260
82850259
82850258
82850257
82850256
82850255
82850254
82850253
82850252
82850251
82850250
82850249
82850248
82850247
82850246
82850245
82850244
82850243
82850242
82850241
82850240
82850239
82850238
82850237
82850236
82850235
82850234
82850233
82850232
82850231
82850230
82850229
82850228
82850227
82850226
82850225
82850224
82850223
82850222
82850221
82850220
82850219
82850218
82850217
82850216
82850215
82850214
82850213
82850212
82850211
82850210
82850209
82850208
82850207
82850206
82850205
82850204
82850203
82850202
82850201
82850200
82850199
82850198
82850197
82850196
82850195
82850194
82850193
82850192
82850191
82850190
82850189
82850188
82850187
82850186
82850185
82850184
82850183
82850182
82850181
82850180
82850179
82850178
82850177
82850176
82850175
82850174
82850173
82850172
82850171
82850170
82850169
82850168
82850167
82850166
82850165
82850164
82850163
82850162
82850161
82850160
82850159
82850158
82850157
82850156
82850155
82850154
82850153
82850152
82850151
82850150
82850149
82850148
82850147
82850146
82850145
82850144
82850143
82850142
82850141
82850140
82850139
82850138
82850137
82850136
82850135
82850134
82850133
82850132
82850131
82850130
82850129
82850128
82850127
82850126
82850125
82850124
82850123
82850122
82850121
82850120
82850119
82850118
82850117
82850116
82850115
82850114
82850113
82850112
82850111
82850110
82850109
82850108
82850107
82850106
82850105
82850104
82850103
82850102
82850101
82850100
82850099
82850098
82850097
82850096
82850095
82850094
82850093
82850092
82850091
82850090
82850089
82850088
82850087
82850086
82850085
82850084
82850083
82850082
82850081
82850080
82850079
82850078
82850077
82850076
82850075
82850074
82850073
82850072
82850071
82850070
82850069
82850068
82850067
82850066
82850065
82850064
82850063
82850062
82850061
82850060
82850059
82850058
82850057
82850056
82850055
82850054
82850053
82850052
82850051
82850050
82850049
82850048
82850047
82850046
82850045
82850044
82850043
82850042
82850041
82850040
82850039
82850038
82850037
82850036
82850035
82850034
82850033
82850032
82850031
82850030
82850029
82850028
82850027
82850026
82850025
82850024
82850023
82850022
82850021
82850020
82850019
82850018
82850017
82850016
82850015
82850014
82850013
82850012
82850011
82850010
82850009
82850008
82850007
82850006
82850005
82850004
82850003
82850002
82850001
82850000
82849999
82849998
82849997
82849996
82849995
82849994
82849993
82849992
82849991
82849990
82849989
82849988
82849987
82849986
82849985
82849984
82849983
82849982
82849981
82849980
82849979
82849978
82849977
82849976
82849975
82849974
82849973
82849972
82849971
82849970
82849969
82849968
82849967
82849966
82849965
82849964
82849963
82849962
82849961
82849960
82849959
82849958
82849957
82849956
82849955
82849954
82849953
82849952
82849951
82849950
82849949
82849948
82849947
82849946
82849945
82849944
82849943
82849942
82849941
82849940
82849939
82849938
82849937
82849936
82849935
82849934
82849933
82849932
82849931
82849930
82849929
82849928
82849927
82849926
82849925
82849924
82849923
82849922
82849921
82849920
82849919
82849918
82849917
82849916
82849915
82849914
82849913
82849912
82849911
82849910
82849909
82849908
82849907
82849906
82849905
82849904
82849903
82849902
82849901
82849900
82849899
82849898
82849897
82849896
82849895
82849894
82849893
82849892
82849891
82849890
82849889
82849888
82849887
82849886
82849885
82849884
82849883
82849882
82849881
82849880
82849879
82849878
82849877
82849876
82849875
82849874
82849873
82849872
82849871
82849870
82849869
82849868
82849867
82849866
82849865
82849864
82849863
82849862
82849861
82849860
82849859
82849858
82849857
82849856
82849855
82849854
82849853
82849852
82849851
82849850
82849849
82849848
82849847
82849846
82849845
82849844
82849843
82849842
82849841
82849840
82849839
82849838
82849837
82849836
82849835
82849834
82849833
82849832
82849831
82849830
82849829
82849828
82849827
82849826
82849825
82849824
82849823
82849822
82849821
82849820
82849819
82849818
82849817
82849816
82849815
82849814
82849813
82849812
82849811
82849810
82849809
82849808
82849807
82849806
82849805
82849804
82849803
82849802
82849801
82849800
82849799
82849798
82849797
82849796
82849795
82849794
82849793
82849792
82849791
82849790
82849789
82849788
82849787
82849786
82849785
82849784
82849783
82849782
82849781
82849780
82849779
82849778
82849777
82849776
82849775
82849774
82849773
82849772
82849771
82849770
82849769
82849768
82849767
82849766
82849765
82849764
82849763
82849762
82849761
82849760
82849759
82849758
82849757
82849756
82849755
82849754
82849753
82849752
82849751
82849750
82849749
82849748
82849747
82849746
82849745
82849744
82849743
82849742
82849741
82849740
82849739
82849738
82849737
82849736
82849735
82849734
82849733
82849732
82849731
82849730
82849729
82849728
82849727
82849726
82849725
82849724
82849723
82849722
82849721
82849720
82849719
82849718
82849717
82849716
82849715
82849714
82849713
82849712
82849711
82849710
82849709
82849708
82849707
82849706
82849705
82849704
82849703
82849702
82849701
82849700
82849699
82849698
82849697
82849696
82849695
82849694
82849693
82849692
82849691
82849690
82849689
82849688
82849687
82849686
82849685
82849684
82849683
82849682
82849681
82849680
82849679
82849678
82849677
82849676
82849675
82849674
82849673
82849672
82849671
82849670
82849669
82849668
82849667
82849666
82849665
82849664
82849663
82849662
82849661
82849660
82849659
82849658
82849657
82849656
82849655
82849654
82849653
82849652
82849651
82849650
82849649
82849648
82849647
82849646
82849645
82849644
82849643
82849642
82849641
82849640
82849639
82849638
82849637
82849636
82849635
82849634
82849633
82849632
82849631
82849630
82849629
82849628
82849627
82849626
82849625
82849624
82849623
82849622
82849621
82849620
82849619
82849618
82849617
82849616
82849615
82849614
82849613
82849612
82849611
82849610
82849609
82849608
82849607
82849606
82849605
82849604
82849603
82849602
82849601
82849600
82849599
82849598
82849597
82849596
82849595
82849594
82849593
82849592
82849591
82849590
82849589
82849588
82849587
82849586
82849585
82849584
82849583
82849582
82849581
82849580
82849579
82849578
82849577
82849576
82849575
82849574
82849573
82849572
82849571
82849570
82849569
82849568
82849567
82849566
82849565
82849564
82849563
82849562
82849561
82849560
82849559
82849558
82849557
82849556
82849555
82849554
82849553
82849552
82849551
82849550
82849549
82849548
82849547
82849546
82849545
82849544
82849543
82849542
82849541
82849540
82849539
82849538
82849537
82849536
82849535
82849534
82849533
82849532
82849531
82849530
82849529
82849528
82849527
82849526
82849525
82849524
82849523
82849522
82849521
82849520
82849519
82849518
82849517
82849516
82849515
82849514
82849513
82849512
82849511
82849510
82849509
82849508
82849507
82849506
82849505
82849504
82849503
82849502
82849501
82849500
82849499
82849498
82849497
82849496
82849495
82849494
82849493
82849492
82849491
82849490
82849489
82849488
82849487
82849486
82849485
82849484
82849483
82849482
82849481
82849480
82849479
82849478
82849477
82849476
82849475
82849474
82849473
82849472
82849471
82849470
82849469
82849468
82849467
82849466
82849465
82849464
82849463
82849462
82849461
82849460
82849459
82849458
82849457
82849456
82849455
82849454
82849453
82849452
82849451
82849450
82849449
82849448
82849447
82849446
82849445
82849444
82849443
82849442
82849441
82849440
82849439
82849438
82849437
82849436
82849435
82849434
82849433
82849432
82849431
82849430
82849429
82849428
82849427
82849426
82849425
82849424
82849423
82849422
82849421
82849420
82849419
82849418
82849417
82849416
82849415
82849414
82849413
82849412
82849411
82849410
82849409
82849408
82849407
82849406
82849405
82849404
82849403
82849402
82849401
82849400
82849399
82849398
82849397
82849396
82849395
82849394
82849393
82849392
82849391
82849390
82849389
82849388
82849387
82849386
82849385
82849384
82849383
82849382
82849381
82849380
82849379
82849378
82849377
82849376
82849375
82849374
82849373
82849372
82849371
82849370
82849369
82849368
82849367
82849366
82849365
82849364
82849363
82849362
82849361
82849360
82849359
82849358
82849357
82849356
82849355
82849354
82849353
82849352
82849351
82849350
82849349
82849348
82849347
82849346
82849345
82849344
82849343
82849342
82849341
82849340
82849339
82849338
82849337
82849336
82849335
82849334
82849333
82849332
82849331
82849330
82849329
82849328
82849327
82849326
82849325
82849324
82849323
82849322
82849321
82849320
82849319
82849318
82849317
82849316
82849315
82849314
82849313
82849312
82849311
82849310
82849309
82849308
82849307
82849306
82849305
82849304
82849303
82849302
82849301
82849300
82849299
82849298
82849297
82849296
82849295
82849294
82849293
82849292
82849291
82849290
82849289
82849288
82849287
82849286
82849285
82849284
82849283
82849282
82849281
82849280
82849279
82849278
82849277
82849276
82849275
82849274
82849273
82849272
82849271
82849270
82849269
82849268
82849267
82849266
82849265
82849264
82849263
82849262
82849261
82849260
82849259
82849258
82849257
82849256
82849255
82849254
82849253
82849252
82849251
82849250
82849249
82849248
82849247
82849246
82849245
82849244
82849243
82849242
82849241
82849240
82849239
82849238
82849237
82849236
82849235
82849234
82849233
82849232
82849231
82849230
82849229
82849228
82849227
82849226
82849225
82849224
82849223
82849222
82849221
82849220
82849219
82849218
82849217
82849216
82849215
82849214
82849213
82849212
82849211
82849210
82849209
82849208
82849207
82849206
82849205
82849204
82849203
82849202
82849201
82849200
82849199
82849198
82849197
82849196
82849195
82849194
82849193
82849192
82849191
82849190
82849189
82849188
82849187
82849186
82849185
82849184
82849183
82849182
82849181
82849180
82849179
82849178
82849177
82849176
82849175
82849174
82849173
82849172
82849171
82849170
82849169
82849168
82849167
82849166
82849165
82849164
82849163
82849162
82849161
82849160
82849159
82849158
82849157
82849156
82849155
82849154
82849153
82849152
82849151
82849150
82849149
82849148
82849147
82849146
82849145
82849144
82849143
82849142
82849141
82849140
82849139
82849138
82849137
82849136
82849135
82849134
82849133
82849132
82849131
82849130
82849129
82849128
82849127
82849126
82849125
82849124
82849123
82849122
82849121
82849120
82849119
82849118
82849117
82849116
82849115
82849114
82849113
82849112
82849111
82849110
82849109
82849108
82849107
82849106
82849105
82849104
82849103
82849102
82849101
82849100
82849099
82849098
82849097
82849096
82849095
82849094
82849093
82849092
82849091
82849090
82849089
82849088
82849087
82849086
82849085
82849084
82849083
82849082
82849081
82849080
82849079
82849078
82849077
82849076
82849075
82849074
82849073
82849072
82849071
82849070
82849069
82849068
82849067
82849066
82849065
82849064
82849063
82849062
82849061
82849060
82849059
82849058
82849057
82849056
82849055
82849054
82849053
82849052
82849051
82849050
82849049
82849048
82849047
82849046
82849045
82849044
82849043
82849042
82849041
82849040
82849039
82849038
82849037
82849036
82849035
82849034
82849033
82849032
82849031
82849030
82849029
82849028
82849027
82849026
82849025
82849024
82849023
82849022
82849021
82849020
82849019
82849018
82849017
82849016
82849015
82849014
82849013
82849012
82849011
82849010
82849009
82849008
82849007
82849006
82849005
82849004
82849003
82849002
82849001
82849000
82848999
82848998
82848997
82848996
82848995
82848994
82848993
82848992
82848991
82848990
82848989
82848988
82848987
82848986
82848985
82848984
82848983
82848982
82848981
82848980
82848979
82848978
82848977
82848976
82848975
82848974
82848973
82848972
82848971
82848970
82848969
82848968
82848967
82848966
82848965
82848964
82848963
82848962
82848961
82848960
82848959
82848958
82848957
82848956
82848955
82848954
82848953
82848952
82848951
82848950
82848949
82848948
82848947
82848946
82848945
82848944
82848943
82848942
82848941
82848940
82848939
82848938
82848937
82848936
82848935
82848934
82848933
82848932
82848931
82848930
82848929
82848928
82848927
82848926
82848925
82848924
82848923
82848922
82848921
82848920
82848919
82848918
82848917
82848916
82848915
82848914
82848913
82848912
82848911
82848910
82848909
82848908
82848907
82848906
82848905
82848904
82848903
82848902
82848901
82848900
82848899
82848898
82848897
82848896
82848895
82848894
82848893
82848892
82848891
82848890
82848889
82848888
82848887
82848886
82848885
82848884
82848883
82848882
82848881
82848880
82848879
82848878
82848877
82848876
82848875
82848874
82848873
82848872
82848871
82848870
82848869
82848868
82848867
82848866
82848865
82848864
82848863
82848862
82848861
82848860
82848859
82848858
82848857
82848856
82848855
82848854
82848853
82848852
82848851
82848850
82848849
82848848
82848847
82848846
82848845
82848844
82848843
82848842
82848841
82848840
82848839
82848838
82848837
82848836
82848835
82848834
82848833
82848832
82848831
82848830
82848829
82848828
82848827
82848826
82848825
82848824
82848823
82848822
82848821
82848820
82848819
82848818
82848817
82848816
82848815
82848814
82848813
82848812
82848811
82848810
82848809
82848808
82848807
82848806
82848805
82848804
82848803
82848802
82848801
82848800
82848799
82848798
82848797
82848796
82848795
82848794
82848793
82848792
82848791
82848790
82848789
82848788
82848787
82848786
82848785
82848784
82848783
82848782
82848781
82848780
82848779
82848778
82848777
82848776
82848775
82848774
82848773
82848772
82848771
82848770
82848769
82848768
82848767
82848766
82848765
82848764
82848763
82848762
82848761
82848760
82848759
82848758
82848757
82848756
82848755
82848754
82848753
82848752
82848751
82848750
82848749
82848748
82848747
82848746
82848745
82848744
82848743
82848742
82848741
82848740
82848739
82848738
82848737
82848736
82848735
82848734
82848733
82848732
82848731
82848730
82848729
82848728
82848727
82848726
82848725
82848724
82848723
82848722
82848721
82848720
82848719
82848718
82848717
82848716
82848715
82848714
82848713
82848712
82848711
82848710
82848709
82848708
82848707
82848706
82848705
82848704
82848703
82848702
82848701
82848700
82848699
82848698
82848697
82848696
82848695
82848694
82848693
82848692
82848691
82848690
82848689
82848688
82848687
82848686
82848685
82848684
82848683
82848682
82848681
82848680
82848679
82848678
82848677
82848676
82848675
82848674
82848673
82848672
82848671
82848670
82848669
82848668
82848667
82848666
82848665
82848664
82848663
82848662
82848661
82848660
82848659
82848658
82848657
82848656
82848655
82848654
82848653
82848652
82848651
82848650
82848649
82848648
82848647
82848646
82848645
82848644
82848643
82848642
82848641
82848640
82848639
82848638
82848637
82848636
82848635
82848634
82848633
82848632
82848631
82848630
82848629
82848628
82848627
82848626
82848625
82848624
82848623
82848622
82848621
82848620
82848619
82848618
82848617
82848616
82848615
82848614
82848613
82848612
82848611
82848610
82848609
82848608
82848607
82848606
82848605
82848604
82848603
82848602
82848601
82848600
82848599
82848598
82848597
82848596
82848595
82848594
82848593
82848592
82848591
82848590
82848589
82848588
82848587
82848586
82848585
82848584
82848583
82848582
82848581
82848580
82848579
82848578
82848577
82848576
82848575
82848574
82848573
82848572
82848571
82848570
82848569
82848568
82848567
82848566
82848565
82848564
82848563
82848562
82848561
82848560
82848559
82848558
82848557
82848556
82848555
82848554
82848553
82848552
82848551
82848550
82848549
82848548
82848547
82848546
82848545
82848544
82848543
82848542
82848541
82848540
82848539
82848538
82848537
82848536
82848535
82848534
82848533
82848532
82848531
82848530
82848529
82848528
82848527
82848526
82848525
82848524
82848523
82848522
82848521
82848520
82848519
82848518
82848517
82848516
82848515
82848514
82848513
82848512
82848511
82848510
82848509
82848508
82848507
82848506
82848505
82848504
82848503
82848502
82848501
82848500
82848499
82848498
82848497
82848496
82848495
82848494
82848493
82848492
82848491
82848490
82848489
82848488
82848487
82848486
82848485
82848484
82848483
82848482
82848481
82848480
82848479
82848478
82848477
82848476
82848475
82848474
82848473
82848472
82848471
82848470
82848469
82848468
82848467
82848466
82848465
82848464
82848463
82848462
82848461
82848460
82848459
82848458
82848457
82848456
82848455
82848454
82848453
82848452
82848451
82848450
82848449
82848448
82848447
82848446
82848445
82848444
82848443
82848442
82848441
82848440
82848439
82848438
82848437
82848436
82848435
82848434
82848433
82848432
82848431
82848430
82848429
82848428
82848427
82848426
82848425
82848424
82848423
82848422
82848421
82848420
82848419
82848418
82848417
82848416
82848415
82848414
82848413
82848412
82848411
82848410
82848409
82848408
82848407
82848406
82848405
82848404
82848403
82848402
82848401
82848400
82848399
82848398
82848397
82848396
82848395
82848394
82848393
82848392
82848391
82848390
82848389
82848388
82848387
82848386
82848385
82848384
82848383
82848382
82848381
82848380
82848379
82848378
82848377
82848376
82848375
82848374
82848373
82848372
82848371
82848370
82848369
82848368
82848367
82848366
82848365
82848364
82848363
82848362
82848361
82848360
82848359
82848358
82848357
82848356
82848355
82848354
82848353
82848352
82848351
82848350
82848349
82848348
82848347
82848346
82848345
82848344
82848343
82848342
82848341
82848340
82848339
82848338
82848337
82848336
82848335
82848334
82848333
82848332
82848331
82848330
82848329
82848328
82848327
82848326
82848325
82848324
82848323
82848322
82848321
82848320
82848319
82848318
82848317
82848316
82848315
82848314
82848313
82848312
82848311
82848310
82848309
82848308
82848307
82848306
82848305
82848304
82848303
82848302
82848301
82848300
82848299
82848298
82848297
82848296
82848295
82848294
82848293
82848292
82848291
82848290
82848289
82848288
82848287
82848286
82848285
82848284
82848283
82848282
82848281
82848280
82848279
82848278
82848277
82848276
82848275
82848274
82848273
82848272
82848271
82848270
82848269
82848268
82848267
82848266
82848265
82848264
82848263
82848262
82848261
82848260
82848259
82848258
82848257
82848256
82848255
82848254
82848253
82848252
82848251
82848250
82848249
82848248
82848247
82848246
82848245
82848244
82848243
82848242
82848241
82848240
82848239
82848238
82848237
82848236
82848235
82848234
82848233
82848232
82848231
82848230
82848229
82848228
82848227
82848226
82848225
82848224
82848223
82848222
82848221
82848220
82848219
82848218
82848217
82848216
82848215
82848214
82848213
82848212
82848211
82848210
82848209
82848208
82848207
82848206
82848205
82848204
82848203
82848202
82848201
