60054411
60227817
60076903
60055522
60227779
60197841
60091361
60227213
60227752
60008025
60226234
60194388
60134190
60227443
60191317
60227720
60227719
60227715
60090850
60227706
60122391
60227701
60227700
60211914
60224564
60227696
60193524
60199932
60086438
60072615
60094763
60227648
60227629
60170875
60210513
60227479
60001045
60023585
60226942
60149420
60000563
60210329
60002628
60227575
60144400
60201370
60189109
60221388
60227593
60210703
60194582
60227596
60227586
60227544
60164274
60114343
10433574
60226857
60184186
60171214
60131085
60226592
60210118
60098857
60227506
60221963
60161664
60088825
60020757
60227457
60227445
60202668
60069292
60192961
60191793
60227377
60153272
60036905
60194338
60155133
60227434
60227435
60227427
60227322
60069292
60225372
60227372
60227407
60227400
60227223
60143687
60227390
60227389
60153730
60226665
60227313
60183492
60198280
60217647
60151122
60227284
60227360
60227213
60199943
60097814
60215803
60227357
60035669
60227320
60142779
60087446
60227340
60108870
60226468
60116392
60020899
60001386
60223729
60147503
60227209
60227260
60227239
60079343
60161132
60084952
60106575
60227245
60170809
60227280
60169621
60145731
60220525
60225894
60069773
60227260
60225032
60175879
60214656
60227251
60106259
60068225
60145536
60227241
60227247
60227250
60227193
60057217
60227204
60143167
60198469
60049500
60227221
60227211
60151223
60200696
60190731
60212114
60227170
60227195
60227164
60162777
60226630
60226712
60227143
60225205
60227168
60227139
60006139
60227147
60081208
60227150
60193464
60176170
60225838
60226715
60094078
60142051
60226273
60227125
146
60167851
60227104
60227010
60227086
60227101
60213417
60227058
60224704
60038098
60027184
60148027
60227040
60227044
60227049
60225893
60227043
60227059
60227017
60124627
60086250
60206357
60224580
60214383
60226998
60166294
60226994
60226982
60226954
60210129
60093758
60146353
60165729
60212004
60226945
60226972
60225027
60121770
60194660
60226946
60014123
60171224
60149035
60027467
60226798
60031941
60075760
60072980
60014184
60224974
60216820
60226869
60226931
60054007
60226783
60226841
60225653
60003269
60226909
60210688
60222704
60076340
60113221
60226879
60213226
60175333
60226859
60212464
60197450
60226868
60134552
60225567
60226825
60127372
60157637
60225207
60096107
60224299
60064938
60191715
60225416
60225405
60205385
60226734
60192488
60174942
60222937
60156036
60041317
60226770
60226755
60226647
60129414
60226746
60213363
60151468
60225306
60020174
60192555
60198712
60041919
60226720
60216246
60226684
60226705
60204501
60058995
60191635
60158598
60130517
60180888
60058995
60107545
60226679
60146652
60198222
60114495
60226659
60078764
60226660
60133072
60190660
60101998
60226576
60226646
60194268
60226641
60196396
60226640
60226558
60226572
60153856
60169227
60219491
60226625
60041928
60192102
60226610
60209572
60226624
60226605
60079616
60202237
60165936
60226602
60215055
60181706
60226457
60226604
60226601
60204078
60226585
60162515
60226306
60016617
60226580
60226560
60180280
60013208
60017992
60226527
60222638
60216961
60016294
60226446
60226513
60225571
60226540
60168293
60052677
60226538
60162506
60226494
60224916
60226526
60198445
60012649
60130038
60123311
60068369
60018047
60226426
60226053
60107346
60226430
60224661
60197297
60226456
60158128
60152591
60226441
60225255
60222743
60219315
60130142
60019518
60226429
60011446
60001656
60171949
60188049
60226442
266
60185951
60090761
60226393
60000718
60215145
60148662
60226376
60049986
60181505
60225196
60187424
60180562
60195811
60226223
60196799
60226260
60088988
60219681
60185759
60083309
60015813
60226150
60226253
60168479
60200878
60166190
60224338
60146783
60226210
60226209
60226203
60161906
60226199
60226011
60039809
60226197
60126145
60226190
60194744
60226184
60001796
60225768
60152893
60226075
60226119
60148516
60062639
60217037
60213821
60195483
60226030
60151389
60199132
60225972
60225975
60225970
60091195
60225965
60169335
60225952
60154178
60001875
60208648
60225194
60117813
60033115
60223976
60225933
60099914
60225935
60225890
60225920
60198780
60225894
60225893
60223101
60221302
60164732
60132305
60191619
60085158
60065224
60072013
60055522
60225540
60203819
60225843
60225269
60221302
60208329
60219423
60225082
60048876
60220575
60190294
60209291
60184186
60019129
60193017
60150013
60202173
60206637
60225754
60124030
60225748
60001956
60145249
60175418
60054712
60067939
60224342
60225671
60225716
60225714
60225707
60017547
60224858
60165863
60225688
60071250
60071245
60216891
60225672
60024102
60190228
60220356
60097602
60222972
60223070
60204139
60213069
60050809
60179374
60224034
60001879
60203441
60037050
60188637
60212993
60225434
60218597
60225312
60188056
60084052
60035057
60168115
60179042
60122095
60104229
60188370
60200445
60153711
60063775
60193069
60006008
60225560
60137476
60225484
60200705
60225528
60210819
60225575
60207767
60037711
60190988
60225487
60053751
60225571
60051411
60004231
60069998
60044347
60078084
60032876
60225523
60225192
60161698
60225509
60153467
60225504
60191793
60225502
60197180
60106159
60184094
60180288
60180729
60132249
60153294
60104732
60224686
60225465
60225461
60056113
60225462
60053356
60053357
60163922
60210352
60225433
60005034
60043478
60225344
60199932
60198280
60210198
60217569
60225422
60225430
60221773
60049458
60215797
60124427
60187666
60225369
60065194
60194480
60225193
60180201
60225373
60219025
60225350
60225365
60179409
60225310
60225363
60225284
60217538
60001386
60225141
60179311
60225178
60225262
60169956
60225332
60098307
60164054
60225298
60034779
60199771
60224416
60167262
60173776
60210663
60225031
60225223
60197081
60096609
60225266
60018500
60225226
60225231
60054640
60225263
60017110
60225228
60125331
60045551
60224387
60155601
60146629
60151883
60225215
60223202
60170182
60219821
60224722
60224637
60219690
60027806
60188894
60225061
60097502
60225152
60225154
60225153
60225150
60140499
60225142
60215355
60065158
60151468
60223839
60206357
60225085
60015928
60203525
60223820
60225076
60203915
60225065
60068338
60206470
60225064
60217090
60225060
60193654
60190774
60041362
60225037
60073637
60209092
60225032
60222964
60109921
60014178
60148109
60225004
60157471
60225017
60171250
60079497
60171224
60224947
60224983
60181731
60168953
60224938
60206092
60181340
60183657
60149137
60167613
60219809
60214865
60069285
60224869
60198623
60178884
60213848
60013701
60203582
60224845
60197875
60224899
60183779
60186000
60219559
60224887
60224884
60224886
60224883
60122473
60224873
60014459
60224876
60224856
60219700
60161891
60205385
60198683
60224833
60181534
60149959
60141650
60133745
60224822
60210268
60224498
60224811
60224814
60224807
60146859
60224786
60181420
60224798
60044816
60164816
60223451
60224527
60184937
60170269
60219624
60224755
60160897
60183605
60224754
60220711
60224525
60151784
60195647
60136198
60140792
60210744
60016658
60202187
60222624
60216246
60224730
60224737
60224704
60224719
60224713
60136033
60164025
60224711
60220029
60194607
60054309
60202445
60110062
60224699
60224564
60224592
60224700
60150446
60224675
60183769
60224693
60206526
60224694
60016581
60054998
60224691
60195607
60042169
60224680
60222415
60056178
60095458
60145731
60214972
60198313
60224655
60224666
60224657
60218631
60126488
60224614
60116160
60224639
60029273
60064122
60198088
60028215
60217377
60224477
60224611
60224626
60203829
60075100
60213604
60178375
60224576
60224565
60108031
60208864
60152108
60223266
60176656
60152866
60218229
60174431
60091064
60224522
60113070
60181438
60204345
60219699
60210034
60223619
60224515
60031658
60161254
60224532
60155171
60113221
60224541
60197338
60222601
60131024
60088899
60224503
60097502
60217540
60006994
60171689
60223036
60014127
60019301
60070197
60222505
60000448
60224448
60224451
60223420
60224460
60224457
60224446
60144170
60223335
60076340
60152129
60224431
60110526
60162524
60009164
60063274
60196399
60224392
60119310
60162305
60224382
60194768
60224352
60224341
60154145
60208828
60224345
60224327
60131636
60224313
60020278
60224307
60223989
60164203
60224303
60224308
60224288
60224260
60025743
60212113
60073846
60224197
60208387
60213922
60178837
60197443
60206693
60224151
60222516
60224089
60179488
60224087
60224082
60210941
60105150
60224076
60224075
60205433
60082497
60220197
60205843
60224066
60152075
60185526
60019581
60094997
60224054
60097205
60173009
60224044
60008466
60164054
60212709
60224040
60094567
60204617
60210266
60043091
60060390
60188354
60223196
60224021
60224018
60224005
60205594
60047065
60224000
60117595
60223991
60145479
60216009
60163227
60180679
60114542
60223944
60223968
60166403
60223843
60090940
60223951
60223955
60011292
60012104
60017364
60223950
60217897
60223944
60132387
60223636
60067903
60218047
60195389
60164715
60223880
60193017
60223897
60115800
60095749
60223871
60223841
60223816
60220684
60223797
60202173
60162873
60218777
60062237
60223825
60055133
60195170
60223828
60183864
60119659
60223336
60123058
60222873
60056213
60034054
60223786
60223780
60223782
60223771
60223770
60221636
60127925
60202751
60223761
60221091
60223758
60223756
60035143
60223753
60217795
60206977
60223722
60066508
60183962
60189147
60223734
60197043
60088825
60223034
60015946
60223706
60223653
60223692
60167851
60103770
60223689
60220924
60223685
60217824
60214616
60188517
60221297
60179424
60030735
60218945
60188250
60223614
60216529
60223611
60042081
60223608
60197463
60223635
60198638
60069857
60109781
60180731
60213501
60193020
60028498
60161664
60133745
60210329
60034959
60223292
60181790
60180484
60216473
60210799
60184186
60185441
60155456
60222956
60039489
60164274
60174290
60219566
60196392
60049582
60223516
60117280
60223512
60223496
60223515
60223507
60154191
60191633
60223415
60068776
60189440
60174183
60223469
60223242
60223458
60133733
60056763
60223430
60223397
60198280
60218551
60150696
60189984
60223438
60054993
60163922
60189810
60223428
60212132
60163109
60080009
60081580
60179303
60223254
60173062
60047518
60190895
60029018
60222797
60223381
60223359
60126056
60223380
60223374
60223368
60160170
60174909
60197154
60223363
60223375
60223358
60223312
60104760
60223371
60191156
60222881
60185173
60121907
60089424
60095762
60201085
60223194
60208677
60173776
60223325
60176427
60034172
60223320
60223213
60105588
60013230
60221551
60009909
60223298
60216405
60182069
60120399
60172973
60043090
60223260
60089699
60206190
60213226
60223219
60189442
60013250
60223228
60223147
60037121
60223236
60221427
60027811
60223214
60216635
60218500
60222903
60222593
60214541
60195363
60192961
60222500
60223188
60086310
60191317
60220221
60223187
60172200
60223180
60001856
60223175
60223160
60223089
60063223
60194572
60214210
60194892
60215787
60212544
60043446
60223083
60199932
60187876
60223094
60064619
60044772
60145649
60202186
60192819
60202186
60223112
60204290
60176593
60077542
60222961
60166047
60201038
60223054
60223098
60210785
60223067
60223049
60214481
60184530
60184464
60001304
60206357
60144852
60169178
60079343
60221039
60222981
60222985
60197808
60195348
60223041
60199961
60214383
60201284
60223027
60139087
60011529
60200263
60218178
60202487
60081650
60222386
60157370
60041284
60222926
60088094
60222948
60221015
60112818
60049277
60082291
60125196
60058755
60204051
60222537
60181467
60016347
60210766
60167480
60222969
60189465
60149923
60222854
60081460
60207767
60222923
60210616
60217631
60219968
60122147
60204296
60222909
60120648
60015814
60082676
60147927
60143550
60166716
60222496
60222865
60222870
60157362
60001937
60016235
60013119
60197757
60222889
60204614
60214884
60158128
60079276
60217559
60096755
60213180
60222856
60204819
60222762
60172947
60057792
60155282
60060719
60222846
60219874
60222836
60222833
60222821
60083817
60165737
60222824
60221846
60070793
60222815
60222726
60222812
60162970
60222086
60222807
60222694
60221886
60181172
60222639
60222640
60139087
60205027
60219901
60222758
60059477
60222782
60140464
60222776
60001458
60023030
60222721
60201997
60199811
60222752
60222754
60162019
60216951
60201410
60222747
60203717
60218060
60173209
60191080
60193990
60222691
60155378
60222715
60172970
60127690
60139761
60197190
60222692
60222686
60125376
60222685
60192835
60030736
60076005
60134169
60222662
60222669
60169621
60222485
60222648
60222650
60222661
60146786
60222487
60175465
60095749
60023315
60176255
60178123
60099680
60193504
60152295
60105811
60055522
60081161
60007812
60053404
60171224
60072570
60222627
60009784
60186134
60222552
60176175
60222621
60217987
60222607
60222618
60222616
60222518
60162835
60222579
60097188
60188994
60217788
60222596
60215942
60191314
60113207
60019920
60005014
60220654
60212714
60175333
60079382
60222556
60220884
60034891
60217586
60152177
60222571
60222568
60222356
60183735
60211939
398
60157114
60222502
60222536
60222554
60202098
60222561
60221459
60222523
60219713
60167299
60213912
60176401
60205220
60221638
60222433
60088718
60205385
60186206
60085745
60222486
60221881
60221862
60163313
60068914
60155339
60202564
60069998
60191715
60101393
60221436
60000544
60222483
60221979
60183744
60195906
60183393
60222469
60010319
60145247
60202494
60222397
60222428
60222415
60174224
60055024
60189991
60207681
60222372
60179961
60172809
60203067
60188354
60015203
60092230
60215669
60046172
60222333
60159179
60222081
60117961
60222330
60218973
60222342
60222312
60222316
60004036
60190111
60046214
60178332
60222304
60222302
60104760
60222300
60222289
60222286
60216600
60055210
60222240
60222257
60127452
60222254
60222109
60211919
60222249
60122915
60058898
60220897
60222130
60222198
60110194
60001721
60075132
60214529
60222119
60077873
60222139
60187409
60208184
60221668
60222091
60222095
60217907
60188116
60130889
60222064
60222060
60222059
60051939
60020949
60077404
60216250
60194779
60100683
60002769
60217553
60198780
60155896
60222019
60222013
60177371
60152794
60142797
60203964
60221988
60221982
60015813
60169167
60169167
60082471
60221957
60139105
60221845
60176274
60221963
60221244
60221865
60202404
60221910
286
60171214
60221933
60221924
60077920
60218013
60216115
60221596
60221405
60066147
60221889
60221479
60221876
60105104
60045500
60048876
60221860
60198044
60221856
60061780
60220258
60131022
60067089
60087098
60171277
60216243
60187525
60191171
60169550
60220124
60092240
60221777
60021631
60214660
60221793
60221719
60221781
60004906
60163672
60221774
60192874
60221772
60007638
60187252
60211814
60193322
60221742
60168151
60191476
60221747
60221745
60010628
60221421
60193831
60034459
60220424
60198051
60113754
60221698
60124614
60221695
60042357
60172069
60040608
60156576
60221682
60180152
60119914
60221201
60217691
60094997
60131265
60190988
60220123
60221642
60127277
60200445
60162506
60221621
60120504
60221549
60221604
60221590
60214657
60068786
60134416
60204306
60221557
60179452
60102241
60126290
60204617
60220526
60221553
60221568
60196094
60221559
60219806
60191793
60090761
60204924
60173010
60188049
60104732
60211227
60221532
60161914
60221530
60004653
60200486
60221522
60219538
60167535
60214524
60221513
60198280
60221507
60219719
60107832
60199932
60215729
60203031
60196175
60145731
60221492
60204139
60186474
60077423
60148750
60221443
60221459
60221451
60220484
60021410
60221441
60059658
60008471
60025086
60195912
60099213
60221260
60160888
60221417
60156227
60221411
60198832
60216273
60134190
60210118
60076337
60052108
60193587
60221413
60059302
60220354
60013406
60221407
60221395
60221388
60077476
60062639
60113989
60221376
60221374
60198712
60183769
60221371
60133806
60047071
60188929
60025569
442
60206357
60221297
60132652
60221316
60214066
60221302
60080831
60221291
60194768
60168644
60020757
60221286
60200878
60184937
60194268
60059036
60199132
60221276
60130618
60098307
60221270
60221268
60221264
60221261
295
60121641
60215192
60221234
60035124
60179362
60001255
60135812
80
60131024
60051750
60221222
60180280
60221184
60221190
60221168
60205385
60209349
60154381
60221155
60197312
60158128
60221146
60221131
60221129
60221103
60221094
60154253
60040734
60221034
60185759
60218184
60198930
60220995
60174301
60004340
60220993
60220969
60220975
60220973
60220965
60220904
60220944
60220826
60220872
60220405
60220887
60015215
60220940
60035926
60185879
60220928
60058654
60001858
60219075
60123311
60163364
60149771
60220503
60220873
60220840
60220779
60220345
60218225
60174942
60220752
60220749
60220748
60220744
60220743
60220736
60098552
60204134
60106267
60220716
60212330
60100196
60220723
60220719
60211227
60078790
60217628
60220700
60220080
60158195
60130618
60170533
60032076
60076764
60134969
60000563
60220661
60001006
60220659
60152169
60220664
60001235
60220629
60055522
60220513
60220626
60212828
60210578
60066743
60220613
60067819
60200705
60220371
60183185
60220559
60018308
60198456
60125331
60202173
60191317
266
60184186
60015946
60220509
60202445
60165984
60220500
60181696
60204242
60220495
60220486
60195707
60044839
60220466
60220468
60155896
60220461
60076340
60220408
60128925
60220453
60219788
60220450
60202187
60220444
60000319
60220425
60052102
60063223
60165446
60200428
60220420
60212065
60220197
60189440
60220400
60219985
60179352
60220381
60220331
60127881
60220356
60207088
60070153
60143515
60220341
60205725
60162506
60027517
60196555
60220289
60219021
60220304
60218473
60196614
60213248
60220305
60214836
60208387
60220259
60214739
60005929
60165898
60220222
60210799
60193017
60059027
60180288
60162873
60132249
60070644
60220212
60122391
60121174
60211682
60220206
60220134
60220202
60220181
60219926
60220183
60220197
60001493
60220168
60218678
60220056
60215490
60137808
60220177
60220182
60219984
60105401
60177971
60220157
60069415
60160133
60090049
60126145
60215826
60219851
60194758
60213417
60220136
60207200
60202401
60129798
60220098
60220100
60117776
60072615
60065901
60017433
60107687
60067706
60087693
60023585
60220088
60220091
560
60220079
60170809
60220075
60049024
60220067
60037050
60123787
60117644
60219624
60092062
60220023
60219946
60149035
60220021
60197865
60220029
60047518
60173776
60220036
60220037
60188056
60060991
60119913
60103434
60133891
60184094
60116059
60219967
60025086
60219615
60038378
60219963
60197153
60086441
60185951
60169460
60188303
60219954
60219080
60023323
60219923
60189039
60219949
60095762
60219887
60181438
60155601
60088825
60203952
60192961
60219896
60219909
60202382
60001939
60191793
60001656
60188894
60008293
60219880
60219884
60219885
60196189
60063890
60039357
60219863
60038621
60118211
60210329
60210561
60187876
60089872
60199932
60219571
60219693
60219842
60219837
60198280
60122095
60219755
60219821
60218244
60219835
60210561
60164842
60186412
60119384
60219809
60094096
60204501
60061780
60188984
60097843
60114196
60218264
60219795
60219641
60135350
60219696
60218839
60206634
60180572
60198623
60161294
60210513
60167828
60212723
60027467
60194873
60186334
60196399
60143921
60219762
60218032
60219716
60168407
60216323
60073637
60219731
60219690
60083936
60219722
60206729
60219695
60174160
60013406
60172938
60097820
60145731
60219699
60219700
60171224
60073846
60154936
60216443
60218420
60219682
60213226
60006779
60192638
60206490
60201085
60109662
60165936
60204794
60219645
60215942
60219623
60084709
60219269
60077884
60151670
60024886
60153352
60196312
60210025
60206357
60219605
60000242
60208864
60214314
60219132
60219550
60000950
60219520
60219597
60133745
60195522
60204776
60211264
60096356
60096293
60209297
60175333
60219573
60219420
60132132
60083434
60219574
60219543
60219558
60106572
60197180
60219554
60207454
60085356
60085360
60115800
60090118
60209882
60217372
60215497
60146811
60219559
60180729
60191825
60219539
60022960
60105168
60183117
60155360
60135491
60187500
60161891
60005288
60218388
60206867
60111605
60219530
60067687
60219524
60219515
60206092
60001045
60194779
60022336
60219499
60129065
60037989
60219481
60219455
60171574
60208120
60219457
60060645
60219464
60085483
60219414
60207080
60114304
60064120
60188600
60219424
60168479
60079057
60060695
60193732
60014684
60205385
60184274
60219380
60219123
60219247
60181172
60015813
60217528
60219246
60218940
60219312
60219313
60211318
60219281
60219235
60160231
60219219
60169574
60210113
60219209
60197857
60219204
60074713
60130889
60219126
60219172
60217172
60215113
60219149
60218841
60001046
60219083
60219116
60218783
60152685
60185719
60219042
60217187
60065433
60218827
60095333
60219015
60052722
60219012
60219010
60172230
60215166
60218993
60146652
60145026
60219001
60180888
60153733
60146609
60218986
60173152
60218860
60218943
60209394
60218941
60000793
60218936
60010046
60218930
60077147
60206977
60090241
60217037
60035290
60218891
60218874
60217752
60076505
60009606
60218730
60167583
60218873
60218859
60218752
60027016
60113221
60218863
60055522
60218854
60012017
60194338
60218828
60218670
60022369
60214616
60051290
60161664
60160489
60194839
60142471
60218651
60218748
60218761
60203582
266
60141848
60154852
60218743
60209289
60218742
60218731
60218707
60218445
558
60072853
60218384
60038398
60216580
60218680
60001879
60015482
60015061
60218671
60218654
60216612
60218656
60208819
60205594
60003149
60109221
60057226
60059737
60080008
60218014
60100143
60179424
60077706
60033115
60039400
60218461
60011292
60127817
60217987
60218624
60035669
60134788
60218423
60189548
60001121
60218542
60218597
60193020
60218579
60162703
60218576
60035352
60217938
60218543
60218549
60218550
60190727
60058688
60178392
60165569
60217886
60122915
60191898
60026583
60150013
60104732
60218497
60218211
60090761
60205915
60218472
60218473
60211989
60218421
60218433
60218343
60218432
60218448
60150696
60218412
60098215
60063214
60065158
60061121
60218415
60216453
60130453
60218380
60035779
60202751
60059839
60167262
60218338
60218366
60032076
60210266
60218344
60218212
60218340
60217896
60218339
60218307
60042495
60218337
60208172
60183827
60088483
60041928
60218331
60218291
60218320
60218255
60218161
60116577
60218214
60197928
60218172
60218285
60154308
60015553
60170071
60131265
60050733
60218268
60218206
60218265
60138945
60218251
60218229
60218136
60027425
60190988
60218225
60216332
60214984
60152051
60218171
60161698
60218178
60206190
60218168
60018213
60218181
60168554
60217959
60218166
60064023
60209956
60217869
60217540
60164854
60188929
60064938
60218154
60218152
60003369
60024728
60084920
60193058
60089110
60218130
60206032
60218111
60201410
60218115
60218119
60218118
60198280
60206375
60044086
60217231
60218047
60217533
60217824
60042165
60210405
60218037
60218076
60158128
60218044
60218073
60078764
60218056
60218068
60218002
60199771
60217923
60217559
60174183
60179193
60217564
60217671
60206762
60200529
60218018
60131024
60132107
60206815
60062054
60167613
60109662
60185258
60189836
60194862
60064060
60217916
60138730
60217891
60157471
60217974
60062457
60089204
60217971
60129368
60217960
60200424
60166323
60182789
60216584
60217932
60083822
60167904
60107686
60217936
60217939
60216604
60012859
60173557
60048876
60036057
60120362
60217917
60217879
60178737
60217751
60217862
60053628
60172947
60151468
60191317
60217882
60185441
60058290
60097048
60216624
60217861
60068559
60155982
60217833
60077884
60217834
60217824
60087386
60217822
60217807
60101823
60035057
60216900
60192692
60217731
60217811
60217789
60216746
60215218
60210068
60217795
60145135
60140743
60217722
60199811
60217748
60214187
60178565
60217776
60117336
60138146
60059477
60049919
60216189
60217764
60217753
60090865
60215178
60208840
60169227
60217724
60215053
60152054
60217727
60216101
60217719
60217541
60183557
60217718
60217714
60057944
60200090
60217690
60199032
60159163
60217708
60128417
60073037
60217414
60200445
60217697
60217691
60173776
60216512
60088546
60058963
60164274
60217085
60165737
60176401
60122391
60216044
60053356
60053357
60185552
60217616
60214451
60199809
60066396
60140336
60217656
60217647
60217659
60201358
60215685
60217652
60217579
60153711
60217572
60217454
60217631
60214773
60217550
60038304
60015498
60126097
60019510
60217581
60124427
60180152
60217553
60215807
60173444
60157113
60185560
60211884
60160134
60190111
60183864
60183744
60037134
60191715
60104052
60217531
60217530
60217529
60163479
60217524
60217520
60080831
60086638
60217513
60206615
60027574
60160801
13
60167031
60194480
60110036
60121730
60056065
60207767
60015813
60210785
60079343
60187597
60213935
60217380
60177777
60174920
60217412
60030999
60205734
60217391
60217394
60001762
60171586
60131005
60188056
60217379
60171949
60217374
60148115
60200180
60217368
60058404
60217360
60010046
60217352
60216214
60217283
60217351
60217339
60216514
60216753
60181172
60217334
60213772
60089986
60217320
60001697
60041394
60057371
60116091
60042656
60217268
60163674
60126726
60047238
60077873
60075132
60215672
60175006
60211369
60102050
60214884
60193504
60215618
60209670
60217119
60162327
60175418
60003091
60217098
60105505
60184532
60217090
60172474
60136148
60163107
60216945
60143301
60217043
60196241
60137670
60217016
60196929
60217033
60217006
60084412
60217021
60129054
60217026
60202717
60188994
60217004
60184916
60066789
60216928
60202173
60216874
60208810
60184186
60216955
60207984
60212874
60183175
60209702
60152500
60216915
60164715
60192974
60208828
60055135
60148109
413
60216267
60216891
60216887
60001184
60127385
60189387
60194392
60162550
60117813
60216867
60216838
60035926
60208329
60145039
60097540
60109709
60098790
60214383
60009982
60211000
60076276
60044816
60179341
60215993
60202187
60204139
60203829
60216367
60216831
60212346
60216057
60216829
60197356
60216820
60000727
60189440
60097840
60171214
60194607
60167945
60162506
60053917
60216762
60216763
60216369
60085745
60192229
60106598
60154209
60216721
60210585
60215197
60194768
60216070
60216695
60204355
60162873
60213941
60204032
60210798
60216704
60214765
60168151
60133810
60216364
60132249
60015946
60174333
60110579
60216662
60216660
60216569
60216562
60216630
60216655
60216656
60216653
60042144
60216648
60206191
60215697
60216635
60216115
60215792
60206967
60166047
60216617
60216587
60216610
60162941
60197338
60019331
60210058
60001549
60090689
60216180
60053212
60216548
60215160
60077804
60215787
60075042
60213318
60216516
60216544
60216542
60206389
60193537
60216429
60200252
60206526
60216528
60216529
60027508
60216514
60079507
60216513
60153621
60216010
60216491
60216336
60178189
60213374
60216486
60193017
60216458
60206345
60116160
60204806
60092230
60204924
60193464
60202676
60214691
60118198
60182164
60216455
60087043
60215765
60202828
60101393
60191326
60205199
60208894
60209047
60013230
60216352
60202494
60216320
60205616
60216368
60216371
60108070
60088825
60149642
60214929
60153327
60154094
60214510
60001170
60204345
60215182
60209143
60206379
60215951
60216330
60139834
60204621
60215771
60188049
60216318
60167479
60216313
60216311
60216312
60216156
60216301
60191908
60216286
60216300
60205433
60085062
60216161
60210329
60018713
60206480
60216270
60198051
60104625
60203964
60216246
60216252
60114077
60216248
60198280
60216243
60094567
60182029
60216225
60216208
60200449
60216222
60143167
60216211
60216207
60173295
60213974
60214756
60214150
60216154
60216131
60148126
60001120
60082497
60124703
60216164
60148662
60216142
60124617
60215706
60216151
60204755
60095675
60216036
60007516
60103477
60197133
60086425
60184500
60179452
60216095
60216009
60118245
60212776
60068686
60216063
60216081
60200878
60214532
60156576
60077884
60205027
60216018
60215972
60159179
60216014
406
60068118
60170874
60125331
60189593
60196539
60215760
60214713
60158128
60214557
60215991
60200616
60169874
60215977
60190536
60080833
60211570
60215669
60215963
60153863
60202487
60215911
60215671
60190016
60215941
60033690
60214896
60137801
60197865
60194892
60095572
60192819
60162970
60209887
60019844
60147145
60201575
60215592
60162839
60017976
60215908
60194315
60208820
60215888
60187972
60215909
60215884
60212350
60098195
60215763
60155378
60215881
60179825
60214020
60163623
60199871
60038107
60214008
60038529
60194517
60134040
60203349
60214326
60215848
60215844
60201085
60077423
60212961
60052516
60215837
60187876
60209957
60154850
60000094
60204617
60195348
60183735
60102150
60126488
60097188
60215815
60182630
60091103
60215802
60215762
60215797
60119120
60169027
60215790
60215774
60056043
60215773
60215796
60211526
60134054
60215755
60066488
60119766
60180280
60207927
60181438
60211861
60052269
60215663
60215731
60011446
60189013
60215672
60055652
60215719
60168644
60215686
60081004
60186206
60211866
60185759
60215350
60022162
60001656
60029148
60170955
60136104
60194338
60070328
60214730
60100675
60215643
60215625
60215605
60044772
60020757
60167535
60119408
60015813
60175873
60188354
60189465
60212725
60201780
60166190
60017167
60214769
60215522
60161178
60045230
60132584
60213725
60150932
60203915
60134190
60051433
60215471
60206637
60166611
60215452
60038185
60215376
60215424
60019844
60024676
60215377
60215373
60206035
60181677
60215375
60191985
286
60215234
60215277
60189984
60215271
60145905
60059521
60215257
60215241
60145479
60215223
60215220
60034172
60215206
60167169
60215192
60022077
60173637
60215166
60215015
60180003
60154253
60203363
60215145
60214861
60215140
60213910
60208387
60161664
60215138
60030735
60170599
60215122
60022288
60215110
60055522
60176873
60106035
60072940
60215051
60183543
60001674
60177855
60180705
60176262
60100536
60050874
60123058
60119842
60188929
60215049
60214781
60059302
60214869
60117961
60214822
60215033
60021412
60083959
60215027
60215023
60184464
60090343
60042773
60053318
60146859
60184530
60073846
60154178
60213367
60215014
60215001
60032076
60212429
60144852
60134169
60214960
60199932
60214972
60151530
60214954
